m=0.008891215011242922
b=-5.501920194618899
