m=-6.08235294117647
b=22.743647058823527
